1.0
1.0
1.0
1.0
1.0
1.0
1.0
1.0
1.0
1.0
1.0
1.0
1.0
1.0
1.0
1.0
1.0
1.0
1.0
1.0
1.0
1.0
1.0
1.0
1.0
1.0
1.0
1.0
1.0
1.0
1.0
1.0
1.0
1.0
1.0
1.0
1.0
1.0
1.0
1.0
3.0
-2.70279405089
-5.7531305432
-7.5549642626
-8.68970795193
-9.4370674843
-9.94925780344
-10.3184922664
-10.60795205
-10.8697913241
-11.1606734065
-11.5642453055
-12.2403686982
-13.5648913497
-14.3062539242
-14.7557707983
-15.0427793018
-15.2330462525
-15.3638596066
-15.4585094003
-15.5333315038
-15.6019968165
-15.679229189
-15.7858122292
-15.9582435509
-16.2723426128
-16.9123928447
-17.2587675993
-17.4522880443
-17.5507051417
-17.5761929579
-17.5300483345
-17.3950099399
-17.1299886263
-16.6559104218
-15.8258045312
-14.3608688447
-11.7018998923
-6.61742631916
4.0
3.0
-4.80595263106
-9.73690921353
-12.9066805891
-14.9936188339
-16.4027076964
-17.3828754579
-18.0957929788
-18.6565974818
-19.1614273829
-19.7120088864
-20.4471870484
-21.595774013
-23.5727557868
-24.8226037529
-25.6296112765
-26.1625961695
-26.5228478507
-26.7734889958
-26.9561795865
-27.1010793847
-27.2337263678
-27.3812633002
-27.5803478387
-27.8902239013
-28.4173451255
-29.3621009545
-29.9391869543
-30.2812711044
-30.4592446493
-30.502924639
-30.4103417325
-30.1469013204
-29.6343024982
-28.7252031188
-27.1533518082
-24.4370179412
-19.6895698269
-11.2478053843
4.0
3.0
-6.04990545765
-12.1597415675
-16.290400495
-19.107731099
-21.0570428193
-22.4361964403
-23.4505643821
-24.2522030756
-24.9698729947
-25.7368820244
-26.7241706104
-28.1872427713
-30.5346925197
-32.1136434903
-33.1786118874
-33.9031164696
-34.4028135548
-34.7553722857
-35.0147808853
-35.2214645088
-35.4101301991
-35.6171950244
-35.8898210315
-36.2992139565
-36.9617861576
-38.0715731976
-38.7911734024
-39.2340665744
-39.4674579152
-39.5192636414
-39.3805898078
-39.0004104359
-38.2693933327
-36.987183482
-34.8021939741
-31.1039253624
-24.8337707898
-14.1642253913
4.0
3.0
-6.81469403593
-13.6795031682
-18.4714537673
-21.8272778143
-24.1982415791
-25.9028764716
-27.1708514337
-28.1778609332
-29.0747741593
-30.0156177856
-31.1897121582
-32.8638439697
-35.4399016845
-37.2318853467
-38.4754814545
-39.3408100292
-39.9481160104
-40.3823272221
-40.7048975466
-40.963184492
-41.1983702487
-41.4532423012
-41.7814251208
-42.2600569361
-43.0083168665
-44.2140848185
-45.0202955381
-45.5271334048
-45.794761069
-45.8455588787
-45.662396778
-45.1797784159
-44.2640107673
-42.6762287192
-40.0078255409
-35.571108947
-28.2187118796
-16.0553253909
4.0
3.0
-7.30770292985
-14.673412292
-19.9261797079
-23.6774562174
-26.3731431527
-28.33842712
-29.8152258696
-30.993335705
-32.0377752362
-33.1157653814
-34.4275159835
-36.2457064839
-38.9693299973
-40.9003273468
-42.2649238588
-43.2297812637
-43.9162157745
-44.412559727
-44.7845115713
-45.0837937964
-45.3558455017
-45.6475640765
-46.0163876164
-46.5423529933
-47.3451705803
-48.6087920919
-49.4673178692
-50.0127293767
-50.2988167315
-50.3419256077
-50.1170312038
-49.5466170822
-48.478552335
-46.646912407
-43.6060146865
-38.6224055494
-30.5018346917
-17.3183642926
4.0
3.0
-7.65024898956
-15.3706667242
-20.9604658632
-25.0117328049
-27.9624432199
-30.1384423495
-31.7874228616
-33.107391562
-34.2722751988
-35.4577295985
-36.8708217535
-38.7881488852
-41.6084270293
-43.6296102864
-45.0739769346
-46.1062834432
-46.8480388618
-47.3891708444
-47.797688409
-48.1278935358
-48.4278372155
-48.7469112771
-49.1447141643
-49.7026690158
-50.5403633418
-51.8393464225
-52.7291092894
-53.2964956765
-53.5903012017
-53.6215096731
-53.3582455682
-52.7133181776
-51.5207676963
-49.4956357966
-46.1678279699
-40.7759023825
-32.0992444031
-18.1962970878
4.0
3.0
-7.9208129785
-15.9234003143
-21.7848094806
-26.081683538
-29.2444520781
-31.5978411686
-33.3925925687
-34.8319282587
-36.0957092466
-37.3652628885
-38.852351902
-40.8367357881
-43.7184682856
-45.7953268365
-47.2889069979
-48.3635817648
-49.141077595
-49.7120958731
-50.1458038442
-50.4978735606
-50.8177970134
-51.1563424937
-51.57423572
-52.1534927983
-53.0133823835
-54.3339051747
-55.2418216272
-55.8205819945
-56.1151789831
-56.1321382389
-55.8338545812
-55.1253421644
-53.8299971296
-51.6488527494
-48.0946263239
-42.3870333798
-33.2884620719
-18.8475796557
4.0
3.0
-8.1796446511
-16.4493373066
-22.5643070669
-27.0875185588
-30.4435597379
-32.9569147123
-34.8813286598
-36.4244618597
-37.7708548162
-39.1060665543
-40.6453628308
-42.6713749571
-45.5867759775
-47.6918796861
-49.2100080853
-50.3063991108
-51.1031663438
-51.6912857089
-52.1402810971
-52.5063134609
-52.8394593083
-53.1910766078
-53.6223474876
-54.2154237839
-55.0891758918
-56.4225070773
-57.3403657096
-57.9238049591
-58.2148724685
-58.2164108139
-57.8859868348
-57.122098396
-55.7393767658
-53.4274531696
-49.6851055357
-43.7166428104
-34.2701762042
-19.3855594629
4.0
3.0
-8.48684216928
-17.0633571129
-23.4569403345
-28.2181866583
-31.7697525153
-34.439502009
-36.4865255405
-38.1239468302
-39.5409702566
-40.9266828499
-42.4989366543
-44.5429061092
-47.4653253405
-49.5727088965
-51.092678431
-52.1922518742
-52.993770103
-53.5878360645
-54.0435421244
-54.4167695879
-54.7574901101
-55.1170623153
-55.5566589306
-56.1582718241
-57.0403162427
-58.3808290755
-59.3034238196
-59.8873330846
-60.1722285237
-60.1578240019
-59.7974563397
-58.9838067987
-57.52352728
-55.095541347
-51.1848634043
-44.9793790286
-35.2101632016
-19.9044819919
4.0
3.0
-8.92260333787
-17.909710885
-24.6502747655
-29.6886030519
-33.4548969174
-36.2880635883
-38.457437751
-40.1841557978
-41.6628653008
-43.0856196996
-44.6713726218
-46.7064797795
-49.6033625356
-51.6830003247
-53.1807376117
-54.2653499657
-55.0582448179
-55.6484067979
-56.1034617947
-56.4782063705
-56.8218873299
-57.1853892739
-57.6295294327
-58.2359294506
-59.1224959595
-60.4665142588
-61.3905207098
-61.9722647441
-62.2494016601
-62.2188696544
-61.8301026071
-60.9702037255
-59.4378045837
-56.9003537769
-52.8267469795
-46.3831679142
-36.2741982409
-20.5022053029
4.0
3.0
-9.62212271235
-19.2071440434
-26.4053631874
-31.7801904659
-35.7906167809
-38.7998845835
-41.0949463312
-42.9085457986
-44.4418460104
-45.888836467
-47.4662967252
-49.4567149811
-52.2774347402
-54.2886881445
-55.7364172213
-56.7877373855
-57.5597452888
-58.1375345479
-58.5858587143
-58.9575521225
-59.300564171
-59.6649168441
-60.1108109044
-60.7193450609
-61.6078707397
-62.9529789826
-63.8762744336
-64.4542257378
-64.7226967734
-64.6760636876
-64.2600071931
-63.3560155085
-61.7541795433
-59.1087993047
-54.8684146515
-48.167993179
-37.6665432343
-21.3101409788
4.0
3.0
-10.8556721939
-21.3240766032
-29.1152682356
-34.8889590249
-39.1714801527
-42.3682546568
-44.7920281458
-46.6906750363
-48.2726852162
-49.7322020071
-51.2776357787
-53.1727151958
-55.8185027585
-57.7036345309
-59.0709116036
-60.0722039537
-60.8133438953
-61.3722890237
-61.809368168
-62.1746525766
-62.5143395772
-62.8773084449
-63.3229671378
-63.931792345
-64.8205502238
-66.1651721746
-67.0864216502
-67.6596175807
-67.9189842876
-67.8564820644
-67.4141289855
-66.4677149127
-64.7982426859
-62.0451431517
-57.6319582562
-50.6504975364
-39.6841588659
-22.5518153779
4.0
3.0
-13.2486194185
-24.9032068108
-33.3782388002
-39.5811896655
-44.1459632537
-47.5325894044
-50.0840243139
-52.064890063
-53.691204072
-55.155743218
-56.6517821623
-58.3944126237
-60.6216990563
-62.3156541257
-63.5807772227
-64.522557637
-65.2275348884
-65.7641273455
-66.1873771925
-66.544214584
-66.8788832141
-67.2389959484
-67.6830898619
-68.2909784866
-69.1788380185
-70.5219726565
-71.4403726974
-72.0083066047
-72.2584834003
-72.1805880651
-71.7131147103
-70.7262440202
-68.9918017455
-66.1337269335
-61.5483423648
-54.2768204971
-42.7995153141
-24.6929616669
4.0
3.0
-14.4730155547
-27.0010634656
-36.0588451454
-42.6505728065
-47.4778304147
-51.0430385543
-53.7150253506
-55.7735133591
-57.4417444094
-58.9125163118
-60.3706106699
-62.012274958
-64.0592617536
-65.622006732
-66.8019180174
-67.6892940187
-68.3594472307
-68.8736673125
-69.2825465685
-69.6302001706
-69.9590522204
-70.3155039548
-70.757245078
-71.3634426635
-72.2497071527
-73.5907561861
-74.5058697367
-75.0683555825
-75.3095310923
-75.2169769976
-74.7259094932
-73.7012789393
-71.9063778436
-68.9509049794
-64.2068504371
-56.6728637639
-44.7542052432
-25.9005159757
4.0
3.0
-15.1525175852
-28.2568362204
-37.7500799743
-44.6565439544
-49.7073420564
-53.4296623432
-56.2100819119
-58.3398203869
-60.0483710152
-61.5301463374
-62.967464992
-64.5525188129
-66.5119271434
-67.9954423738
-69.1152023186
-69.9599813299
-70.6008694539
-71.0952791595
-71.4908676207
-71.8296640982
-72.1526370562
-72.5051644326
-72.9441913782
-73.5483018666
-74.4325900468
-75.7712382645
-76.6828807065
-77.2399539384
-77.4725153986
-77.366247574
-76.8534335877
-75.79441352
-73.9451433574
-70.9035552604
-66.0227629297
-58.2716255599
-46.0109929961
-26.6348969925
4.0
3.0
-15.5536072745
-29.031194253
-38.8334452913
-45.9801354478
-51.2111876182
-55.0654974988
-57.9399962174
-60.1336034935
-61.8806919511
-63.3780034795
-64.8084115938
-66.3649586869
-68.2798931419
-69.7176096028
-70.7982651264
-71.6126725574
-72.2311563863
-72.7095250416
-73.0938369893
-73.4247943627
-73.7423388499
-74.0910702203
-74.5273333783
-75.1292200839
-76.011373878
-77.3475006104
-78.2556548985
-78.8074910676
-79.0319411745
-78.9130106784
-78.3804375213
-77.290666832
-75.3936889897
-72.2783689558
-67.2843317841
-59.3613116393
-46.8457807977
-27.1080789982
4.0
3.0
-15.8047725128
-29.5292361139
-39.5497890985
-46.8768193176
-52.2502901447
-56.2133433246
-59.1681704198
-61.4183953722
-63.2019302686
-64.7178575431
-66.1506638462
-67.6953973075
-69.5883663829
-71.0006122357
-72.0572234594
-72.8513377173
-73.4537967478
-73.9200264401
-74.2953841996
-74.6198415637
-74.9326928893
-75.2779975596
-75.7116504419
-76.311349817
-77.1913598502
-78.5249705374
-79.4297210484
-79.9765666118
-80.1934389416
-80.0628733217
-79.5124256751
-78.3953068656
-76.4567647778
-73.2788629208
-68.1918541249
-60.1334599193
-47.4267898269
-27.4316382025
4.0
3.0
-15.9750473576
-29.8726611741
-40.0536421825
-47.5196002982
-53.0075449508
-57.0612773897
-60.0853381636
-62.386128242
-64.2040976887
-65.7404188781
-67.1813905904
-68.7240879438
-70.6076424372
-72.0066885476
-73.0493526613
-73.8306516819
-74.4222698849
-74.8797997172
-75.2484112087
-75.5677448789
-75.8767332669
-76.2190912443
-76.6503964889
-77.2480456726
-78.1259913383
-79.4571643771
-80.3586458053
-80.900762452
-81.1105481901
-80.9692333294
-80.4024748845
-79.2607495987
-77.2854525147
-74.0534048609
-68.8881116648
-60.7193667637
-47.8623933545
-27.6716839848
4.0
3.0
-16.1062016963
-30.1396925263
-40.450066198
-48.0313755856
-53.6169780314
-57.7499770811
-60.8359732743
-63.1832144433
-65.0341678202
-66.5919104671
-68.0445231264
-69.5909149571
-71.4722963857
-72.8655627023
-73.9008316751
-74.6745415491
-75.2592053561
-75.7107847921
-76.0745228735
-76.3899688012
-76.6958859166
-77.0357892056
-77.4650445343
-78.0608239202
-78.9368268222
-80.2656737822
-81.1640344624
-81.7016604654
-81.9047583703
-81.7533586564
-81.1713883826
-80.0068729569
-77.9978334535
-74.7166468598
-69.4813385892
-61.215613252
-48.2290517608
-27.8727043824
4.0
3.0
-16.2282269297
-30.3883496424
-40.8196333238
-48.5090649589
-54.1865115289
-58.3943561548
-61.539181287
-63.9310302532
-65.8143970424
-67.3943200503
-68.8606954356
-70.4141509025
-72.2975885975
-73.6895423186
-74.7215601891
-75.4911741798
-76.0716272211
-76.5192991955
-76.8796226361
-77.1921867048
-77.4957049897
-77.8335909165
-78.2610756322
-78.8551661387
-79.7293558398
-81.0559939472
-81.9513736574
-82.4847051651
-82.6814027947
-82.5203350331
-81.9237405169
-80.7372387416
-78.6955255744
-75.3665845523
-70.0630123027
-61.7024726235
-48.5889476238
-28.0700817838
4.0
3.0
-16.3688418337
-30.672398122
-41.2372309407
-49.042985896
-54.8169132705
-59.1018482895
-62.3063993987
-64.7431998557
-66.6593316523
-68.2621676629
-69.7436272805
-71.3060911377
-73.1940052846
-74.5872606102
-75.6185452263
-76.3862792988
-76.9643390485
-77.4095130753
-77.7674660421
-78.0778920412
-78.37952324
-78.7157336706
-79.1416725373
-79.7342254218
-80.6067156642
-81.9312510849
-82.8237727262
-83.3529661062
-83.5434561647
-83.3729244315
-82.7618409467
-81.5532342431
-79.478101542
-76.0993450716
-70.7229748869
-62.2588805065
-49.0032949591
-28.2986751292
4.0
3.0
-16.562154039
-31.0560100936
-41.7894945875
-49.734933139
-55.6195476455
-59.9895562557
-63.257984144
-65.7417512336
-67.6916438446
-69.318063215
-70.8153467336
-72.3878017704
-74.2814246723
-75.6773604907
-76.7092971159
-77.4764228171
-78.0531732984
-78.4967186007
-78.8529623813
-79.1617301989
-79.4618076358
-79.7965654186
-80.2211047295
-80.8122203833
-81.6830929514
-83.0056124565
-83.89538565
-84.4205796704
-84.6050115024
-84.4251049045
-83.7993850469
-82.5679089425
-80.4572161381
-77.0237060406
-71.5643161325
-62.9772079014
-49.5455043435
-28.6013237738
4.0
3.0
-16.8610455408
-31.6326279224
-42.5953454848
-50.7182456209
-56.7354302301
-61.2023828826
-64.5406573483
-67.0740907897
-69.0587774955
-70.7090896944
-72.2223088987
-73.8049297452
-75.7045880076
-77.1036681894
-78.1367948959
-78.9038540841
-79.4797861455
-79.9221107575
-80.2769596094
-80.58429373
-80.88296519
-81.2163592536
-81.6395492284
-82.2292605144
-83.0985529209
-84.4191202742
-85.3062531042
-85.8276069182
-86.0061689075
-85.8170186934
-85.1765135566
-83.9212384397
-81.7722298126
-78.2773079174
-72.7204127282
-63.9810461876
-50.3183628304
-29.0411156224
4.0
3.0
-17.3616418317
-32.5555054834
-43.8343857391
-52.1828795596
-58.3578545462
-62.9341731516
-66.3478033795
-68.9328181561
-70.9524673135
-72.6261093253
-74.1545102884
-75.7466167454
-77.6518062879
-79.0537127001
-80.087861225
-80.8547846769
-81.4298808403
-81.8709834237
-82.2244297535
-82.5303053967
-82.8275268434
-83.1594985769
-83.5812762833
-84.1695314045
-85.0372235792
-86.3558755188
-87.2404884739
-87.7582279487
-87.9312509463
-87.7332341673
-87.0781730435
-85.7986913228
-83.6092067844
-80.0465367429
-74.3765166797
-65.4495884585
-51.4811301991
-29.7247758853
4.0
3.0
-18.2622320156
-34.0918365865
-45.7875867715
-54.4075534233
-60.7603777532
-65.4538662376
-68.9448312224
-71.5807318923
-73.6335584896
-75.3284563425
-76.8700663611
-78.4699554774
-80.3792903495
-81.7829370573
-82.8172746352
-83.5834270675
-84.1571969604
-84.5966882113
-84.948410286
-85.2525497493
-85.5480730252
-85.8783978442
-86.2985650059
-86.8852043065
-87.75119829
-89.0679332494
-89.9501669571
-90.4646280794
-90.6326932035
-90.4266564816
-89.7580829994
-88.4553439056
-86.225419036
-82.5920627583
-76.797975289
-67.6522076933
-53.2960144874
-30.8568577197
4.0
3.0
-20.0273884003
-36.7144083557
-48.8895532821
-57.7982187169
-64.3312394164
-69.1389108821
-72.7024185263
-75.3840823048
-77.4652777345
-79.1771998209
-80.7284375483
-82.3331561992
-84.2442443929
-85.647716247
-86.6807187096
-87.4448876026
-88.0163611899
-88.4534555122
-88.8028048974
-89.1046597827
-89.3980093836
-89.7262682195
-90.1444581496
-90.7291783031
-91.5932633475
-92.9080139363
-93.788019676
-94.2996743249
-94.4637026492
-94.2511663463
-93.5713532746
-92.2484867388
-89.9820308542
-86.2820567531
-80.3659010247
-70.9937344218
-56.205253841
-32.886640506
4.0
3.0
-20.9057863163
-38.2044970807
-50.7717677176
-59.9275898698
-66.6155087283
-71.5194337565
-75.1417803957
-77.8583871715
-79.9593062996
-81.6813245397
-83.2366381177
-84.8417391493
-86.7510178881
-88.1514582606
-89.1808317419
-89.9411703979
-90.5088539009
-90.9423323871
-91.2882997802
-91.5870163206
-91.8774513754
-92.2029870602
-92.6186142491
-93.2009116441
-94.0627046724
-95.3752820301
-96.2531811478
-96.7626282394
-96.9239283472
-96.7072289054
-96.0199802898
-94.682882932
-92.3888282669
-88.6357995082
-82.6190231096
-73.0582581276
-57.9198892148
-33.9644504632
4.0
3.0
-21.3578444045
-39.0263557366
-51.8560173208
-61.1848804511
-67.9812982589
-72.9499664714
-76.6084724606
-79.3430895048
-81.4508079428
-83.172916876
-84.7244773231
-86.3237767175
-88.2263193236
-89.6197752919
-90.6423317511
-91.3962593535
-91.9580548391
-92.3861993266
-92.7273576374
-93.0217230228
-93.3081810551
-93.6300342493
-94.0422186562
-94.6213009593
-95.4801483319
-96.7901419129
-97.665936317
-98.1738398227
-98.3340933527
-98.1164380758
-97.4272308283
-96.0847841073
-93.7772537092
-89.9937629075
-83.9137073346
-74.2299713621
-58.8669729874
-34.5312721319
4.0
3.0
-21.572661811
-39.4283463921
-52.3950998364
-61.8121851287
-68.6583330262
-73.6497628293
-77.3136551063
-80.0432954769
-82.1403982847
-83.8492397503
-85.3866685544
-86.971992586
-88.8612781849
-90.24249496
-91.2539743331
-91.9980275548
-92.5511126879
-92.9716089357
-93.306032413
-93.5944006152
-93.8754200252
-94.1922386512
-94.5996942916
-95.1743444881
-96.0291642316
-97.335772694
-98.2091815616
-98.7161335174
-98.8773041149
-98.6627392246
-97.9787427743
-96.642811942
-94.3408287329
-90.5570730316
-84.4619682361
-74.7336534872
-59.2758246181
-34.7736650772
4.0
3.0
-21.6301414783
-39.5306311632
-52.5194345707
-61.9360104944
-68.7645550558
-73.7278718771
-77.3587180702
-80.054290789
-82.1186511363
-83.7972421983
-85.3073235943
-86.8682130515
-88.7358302147
-90.0979686935
-91.0927866485
-91.8224084943
-92.3630685838
-92.7728755288
-93.0980345437
-93.378231603
-93.6518508039
-93.9617662965
-94.3626401545
-94.9310098202
-95.7800418624
-97.081796673
-97.9519810751
-98.4582581055
-98.622406464
-98.415708494
-97.7457546548
-96.4311998886
-94.1585957431
-90.4117881204
-84.3588140444
-74.6727069329
-59.2495833805
-34.7675635587
4.0
3.0
-21.55625499
-39.372128706
-52.2676781532
-61.5872593795
-68.3206281697
-73.1950849021
-76.7461123112
-79.3719231204
-81.3763147589
-83.0037063795
-84.4700382696
-85.9933637389
-87.8285968591
-89.1628252149
-90.1337081776
-90.8429501059
-91.3663514428
-91.7615345429
-92.0741687385
-92.3433810537
-92.6070149097
-92.9074787963
-93.2991214864
-93.8584182179
-94.6988302925
-95.9931486002
-96.8582615139
-97.363424206
-97.532397246
-97.3388817375
-96.693423448
-95.4182546613
-93.2040986859
-89.5393154885
-83.5962447896
-74.0512226589
-58.8020216748
-34.5270057773
4.0
3.0
-21.3411265076
-38.9287486777
-51.5982336757
-60.7064023629
-67.2509743788
-71.9627218507
-75.3770731576
-77.8898955413
-79.8014602287
-81.3523352665
-82.7548966517
-84.224324367
-86.0135355458
-87.3084091927
-88.2458542548
-88.9269579965
-89.426852029
-89.8023843975
-90.0983643504
-90.3530209021
-90.6033212281
-90.890898286
-91.2695431451
-91.8155592104
-92.6428218076
-93.9252799182
-94.781737321
-95.2839916004
-95.4589312025
-95.2841428103
-94.6751758443
-93.4608294517
-91.3403398643
-87.8126421807
-82.0622859121
-72.778180056
-57.8687856336
-34.0184378757
4.0
3.0
-20.9402396908
-38.1112761992
-50.3819378164
-59.1317686866
-65.3692989725
-69.8267744749
-73.0352493476
-75.3833154881
-77.1630989327
-78.6074143706
-79.9220508716
-81.3172611525
-83.0429049595
-84.2833828083
-85.1748461918
-85.8176663602
-86.286024251
-86.6355740334
-86.9097760809
-87.1454487358
-87.378167592
-87.6482905831
-88.0086162951
-88.5350205061
-89.3419041985
-90.6050377958
-91.4463351596
-91.9415347285
-92.1221317185
-91.9713553167
-91.4122154958
-90.2837916195
-88.2994326223
-84.9767246265
-79.5232400295
-70.6533681516
-56.2988998519
-33.157960092
4.0
3.0
-20.2630219622
-36.743830528
-48.3736026334
-56.5674444611
-62.3451590315
-66.4344101441
-69.3536652832
-71.4762209921
-73.0791695117
-74.3820390251
-75.5798752614
-76.8753420566
-78.5142800965
-79.6801008941
-80.5087779708
-81.1000201542
-81.5266292057
-81.8423822946
-82.0886255396
-82.2999921551
-82.509887597
-82.7566002776
-83.091163612
-83.5884498662
-84.363391598
-85.5946554777
-86.4094303077
-86.889557559
-87.0729818174
-86.9505192565
-86.4554321135
-85.4416151491
-83.6438485802
-80.6096048773
-75.5855192874
-67.33200965
-53.8260203421
-31.7945026403
4.0
3.0
-19.1447155985
-34.5159896595
-45.154965508
-52.5241181669
-57.645955867
-61.2280182736
-63.7606893781
-65.5890257218
-66.9649841701
-68.0870807405
-69.1338635598
-70.2968081283
-71.8171855922
-72.880103837
-73.6231472631
-74.1454688768
-74.5175998214
-74.7902217197
-75.001350608
-75.1822921357
-75.3631483991
-75.578910588
-75.8774864916
-76.3314646565
-77.0558620616
-78.2339881491
-79.0028155173
-79.4537710187
-79.6332862391
-79.5415139531
-79.1247885219
-78.2570885986
-76.7039903061
-74.0584445227
-69.6303838474
-62.2605134633
-50.0119545696
-29.6740301272
4.0
3.0
-17.2869294282
-30.8905925196
-40.0342869337
-46.2220810944
-50.4461703716
-53.3599073243
-55.3986215776
-56.8596562891
-57.9559812026
-58.8548384698
-59.7102751657
-60.6970754317
-62.0519638058
-62.9709907429
-63.5971493218
-64.0283962453
-64.330808307
-64.5497297338
-64.7179610145
-64.8618866725
-65.0067616523
-65.1824804274
-65.4314975154
-65.8213222747
-66.4650223021
-67.5529855573
-68.2430628261
-68.6417519702
-68.8052749812
-68.7436843029
-68.41854094
-67.7294791571
-66.4841773109
-64.3417489599
-60.7109248664
-54.5692598801
-44.1448782623
-26.3696632988
4.0
3.0
-14.1281866222
-24.9296213585
-31.8783791551
-36.4417510538
-39.4935251527
-41.5686398794
-43.0059886365
-44.0292742108
-44.7955748825
-45.428352542
-46.0459430075
-46.7960099219
-47.9088322528
-48.6223754189
-49.0897545476
-49.4031635556
-49.6189722929
-49.773262826
-49.8909223113
-49.9914109023
-50.0932535657
-50.2188466311
-50.4014727633
-50.6977575243
-51.2118074371
-52.1414671192
-52.6981260159
-53.0095848024
-53.1390563721
-53.1038176594
-52.8810440687
-52.4010528292
-51.5259181854
-50.0058693724
-47.3963105627
-42.8995571026
-35.0566915296
-21.1397448057
4.0
3.0
-8.53704647851
-14.9655164274
-18.8452849112
-21.3071770829
-22.9214624905
-24.0059169268
-24.7512245258
-25.2793017697
-25.6743774049
-26.0030263994
-26.3326156902
-26.7603371885
-27.4858886689
-27.9015922235
-28.1587411565
-28.3259975345
-28.4391786503
-28.5192468666
-28.5799379195
-28.6317040232
-28.6844451392
-28.7503712273
-28.8484978607
-29.0139625887
-29.3213735285
-29.9537058484
-30.2896353402
-30.4674821798
-30.5410443409
-30.5260216229
-30.412901714
-30.1661392696
-29.7133362474
-28.9210201548
-27.5458333326
-25.1333363368
-20.7907527724
-12.6126243945
4.0
2.0
2.0
2.0
2.0
2.0
2.0
2.0
2.0
2.0
2.0
2.0
2.0
2.0
2.0
2.0
2.0
2.0
2.0
2.0
2.0
2.0
2.0
2.0
2.0
2.0
2.0
2.0
2.0
2.0
2.0
2.0
2.0
2.0
2.0
2.0
2.0
2.0
2.0
2.0
0.0
